ACCURACY
1-1: 0.5
1-2: 0.875
1-3: 0.75
10-1: 0.5
10-2: 0.875
10-3: 0.625
25-1: 0.5
25-2: 0.625
25-3: 0.625
50-1: 0.5
50-2: 0.625
50-3: 0.75
75-1: 0.5
75-2: 0.5
75-3: 0.75
100-1: 0.5
100-2: 0.5
100-3: 0.75
FREQUENCIES
1-1: [0. 1. 1. 0.]
1-2: [1. 0. 1. 1.]
1-3: [1. 1. 1. 1.]
10-1: [7. 6. 7. 7.]
10-2: [14.  7.  9. 10.]
10-3: [11.  8.  9. 10.]
25-1: [22. 13. 15. 20.]
25-2: [28. 20. 20. 21.]
25-3: [28. 20. 20. 22.]
50-1: [49. 37. 38. 36.]
50-2: [44. 31. 40. 49.]
50-3: [47. 37. 42. 50.]
75-1: [55. 49. 47. 59.]
75-2: [92. 56. 60. 66.]
75-3: [82. 52. 67. 73.]
100-1: [73. 58. 55. 74.]
100-2: [119.  71.  83.  92.]
100-3: [105.  80.  89.  98.]
FREQUENCIES 2
1-1: [ 0. 14. 16.  0.]
1-2: [ 5.  0. 16.  6.]
1-3: [ 7.  3. 10. 16.]
10-1: [68. 87. 71. 47.]
10-2: [ 85.  32.  71. 134.]
10-3: [ 84.  53.  63. 136.]
25-1: [235. 133. 171. 222.]
25-2: [259. 169. 149. 249.]
25-3: [240. 126. 125. 289.]
50-1: [429. 427. 354. 377.]
50-2: [384. 225. 320. 601.]
50-3: [301. 216. 332. 677.]
75-1: [523. 527. 560. 566.]
75-2: [725. 439. 575. 745.]
75-3: [610. 344. 498. 905.]
100-1: [754. 583. 580. 828.]
100-2: [1016.  585.  649. 1012.]
100-3: [ 830.  513.  631. 1276.]
