ACCURACY
1-1: 0.5
1-2: 0.125
1-3: 0.75
1-random: 1.0
10-1: 0.5
10-2: 0.5
10-3: 0.75
10-random: 0.5
25-1: 0.5
25-2: 0.5
25-3: 0.5
25-random: 0.625
50-1: 0.5
50-2: 0.5
50-3: 0.625
50-random: 0.625
75-1: 0.5
75-2: 0.5
75-3: 0.625
75-random: 0.625
100-1: 0.5
100-2: 0.5
100-3: 0.5
100-random: 0.5
FREQUENCIES
1-1: [0. 1. 0. 0.]
1-2: [3. 1. 0. 0.]
1-3: [0. 1. 1. 1.]
1-random: [0. 0. 1. 1.]
10-1: [8. 1. 2. 3.]
10-2: [18.  3.  6.  4.]
10-3: [22.  5.  8.  9.]
10-random: [10.  8.  6.  5.]
25-1: [16.  5.  7.  5.]
25-2: [33.  7. 16. 14.]
25-3: [49. 19. 17. 20.]
25-random: [40. 20. 16. 16.]
50-1: [36. 10.  8. 14.]
50-2: [84. 22. 19. 27.]
50-3: [91. 38. 36. 41.]
50-random: [81. 30. 31. 35.]
75-1: [40. 21. 18. 16.]
75-2: [95. 38. 39. 38.]
75-3: [151.  51.  61.  58.]
75-random: [109.  55.  46.  50.]
100-1: [40. 23. 31. 26.]
100-2: [116.  50.  58.  50.]
100-3: [197.  79.  78.  70.]
100-random: [139.  66.  58.  58.]
FREQUENCIES 2
1-1: [ 0. 16.  0.  0.]
1-2: [28. 12.  0.  0.]
1-3: [ 0.  3.  8. 16.]
1-random: [ 0.  0.  8. 16.]
10-1: [112.  16.  32.  48.]
10-2: [151.  24.  76.  64.]
10-3: [108.  17.  68. 144.]
10-random: [76. 50. 72. 80.]
25-1: [224.  80. 112.  80.]
25-2: [274.  52. 184. 224.]
25-3: [305.  67. 156. 320.]
25-random: [260. 112. 144. 256.]
50-1: [504. 160. 128. 224.]
50-2: [716. 210. 216. 432.]
50-3: [557. 132. 324. 656.]
50-random: [505. 157. 288. 560.]
75-1: [560. 336. 288. 256.]
75-2: [830. 320. 468. 608.]
75-3: [905. 187. 556. 928.]
75-random: [756. 299. 424. 800.]
100-1: [560. 368. 496. 416.]
100-2: [1026.  412.  688.  800.]
100-3: [1327.  297.  744. 1120.]
100-random: [943. 418. 600. 928.]
