ACCURACY
1-1: 0.8457752255947498
1-2: 0.9499589827727646
1-5: 1.0
1-4: 0.9934372436423298
10-1: 0.7690730106644791
10-2: 0.9372436423297785
10-5: 1.0
10-4: 0.9749794913863823
25-1: 0.9364232977850697
25-2: 0.9081214109926169
25-5: 0.9950779327317474
25-4: 1.0
50-1: 0.9425758818703855
50-2: 0.9876948318293683
50-5: 0.9425758818703855
50-4: 0.9417555373256767
75-1: 0.8917145200984413
75-2: 0.9934372436423298
75-5: 0.9975389663658737
75-4: 1.0
100-1: 0.9372436423297785
100-2: 0.9602132895816243
100-5: 0.972518457752256
100-4: 0.7895816242821985
FREQUENCIES
1-1: [2. 0. 2. 0. 0. 0. 1. 1. 0. 0. 2. 1. 0. 2. 2. 0. 0. 1. 2. 2. 0. 0.]
1-2: [0. 2. 0. 1. 1. 0. 0. 0. 5. 1. 0. 1. 1. 0. 0. 0. 1. 2. 0. 4. 3. 1.]
1-5: [0. 2. 0. 1. 1. 0. 1. 0. 2. 1. 2. 0. 1. 0. 0. 0. 1. 0. 2. 1. 1. 1.]
1-4: [2. 0. 3. 1. 3. 0. 0. 1. 2. 0. 1. 1. 0. 1. 2. 0. 0. 0. 0. 3. 1. 4.]
10-1: [20. 19. 47. 21. 48. 10. 23. 27. 40. 10. 23. 30. 45. 33. 45.  0. 17. 25.
 73. 41. 86. 15.]
10-2: [50. 61. 70. 31. 86. 13. 35. 25. 57. 37. 64. 71. 54. 32. 72.  0. 26. 17.
 64. 44. 75. 35.]
10-5: [51. 41. 48. 28. 84.  0. 16. 29. 53. 19. 32. 23. 16. 24. 20.  0. 10. 29.
 37. 82. 38. 50.]
10-4: [ 41.  41.  50.  38. 136.   1.  33.  41.  87.  28.  63.  45.  29.  26.
  40.   0.   0.  23.  64.  77.  66. 115.]
25-1: [292. 142. 142. 182. 307.  24. 145. 174. 393. 169. 190. 181. 323. 284.
 248.   0.  79. 209. 168. 190. 267. 199.]
25-2: [274. 182. 417. 201. 494.  90. 160. 203. 386. 141. 324. 287. 220. 189.
 331.   0.  78. 236. 104. 273. 270. 401.]
25-5: [105. 155. 189.  83. 520.   0. 125. 177.  74.  97. 265. 109. 105. 159.
 113.   0.  36. 133.  38. 367. 386. 224.]
25-4: [203. 351. 495. 172. 704.   0. 116. 189. 414. 155. 357. 235. 145. 159.
 220.   0.   0. 216. 157. 588. 379. 493.]
50-1: [ 751.  576.  625.  385.  828.  454.  431.  495.  872.  608. 1045.  714.
  814.  650.  734.    0.  277.  442.  654.  866.  633.  957.]
50-2: [1391. 1207. 1460.  969. 1681.  186.  553.  860. 1577.  890. 1539. 1218.
 1265. 1007.  889.    0.  398.  587. 1037. 1836. 1513. 2026.]
50-5: [ 776.  755. 1697.  425. 2404.   15.  465.  792. 1131.  563. 1729.  613.
  692.  346.  698.    0.   36.  355.  804. 2150. 1510. 1422.]
50-4: [1124. 1006. 1692.  577. 2341.   57.  553.  740. 1359.  703. 1196.  987.
 1055.  581. 1119.    0.  194.  659.  991. 1914. 1645. 1874.]
75-1: [1680. 2043. 2080. 1184. 2165.  605. 1104. 1311. 1814. 1451. 1608. 1527.
 1471. 1817. 1626.    0.  736.  949. 1480. 1522. 1322. 1515.]
75-2: [3027. 3117. 3677. 1844. 4020.  495. 1635. 1680. 4079. 1551. 3291. 2172.
 2934. 2438. 2511.    0.  604. 1793. 2530. 4053. 3085. 4248.]
75-5: [1952. 2004. 3701. 1185. 4967.   12. 1556. 1847. 2602. 1182. 3064. 1434.
 1241.  922. 1382.    0.  470. 1031. 1409. 4535. 3157. 3200.]
75-4: [2283. 2238. 3283. 1253. 5129.   68. 1100. 1585. 3137. 1421. 2616. 1652.
 1998.  810. 1687.    0.  457. 1506. 1876. 5058. 3691. 3618.]
100-1: [3210. 3430. 2476. 1871. 2930.  802. 2512. 1911. 2952. 2199. 2340. 3038.
 3326. 2237. 2206.    0. 1370. 2371. 2291. 2416. 3985. 2847.]
100-2: [4782. 5421. 5438. 2911. 7379.  318. 2533. 3141. 6176. 2890. 6740. 3728.
 5094. 3994. 4413.    0. 1116. 3107. 3803. 6552. 7493. 5441.]
100-5: [3013. 2958. 5431. 1833. 9143.  118. 2152. 3169. 4023. 2007. 5335. 2555.
 2240. 1540. 2246.    0.  198. 1949. 3130. 7228. 4968. 6734.]
100-4: [3596. 4815. 7607. 2647. 8921.  109. 2246. 3501. 5058. 2424. 5677. 2925.
 3540. 1958. 3001.    0.  928. 1349. 3947. 7714. 5973. 6741.]
FREQUENCIES 2
1-1: [6783.    0. 1993.    0.    0.    0.  340.  264.    0.    0.  106. 2495.
    0. 2906. 2740.    0.    0. 2851. 7748. 3945.    0.    0.]
1-2: [   0.  419.    0.   50. 2244.    0.    0.    0. 5978.  193.    0. 3314.
  432.    0.    0.    0. 3442.  384.    0. 3344.  154. 2882.]
1-5: [   0. 2672.    0.  139. 3435.    0. 1951.    0. 5717.  300. 2722.    0.
 2672.    0.    0.    0. 2682.    0. 2268. 1385. 1386.  234.]
1-4: [1012.    0. 1625.  226. 2341.    0.    0.  599. 6146.    0. 2925.  469.
    0. 1931. 3137.    0.    0.    0.    0. 3970.  255. 1136.]
10-1: [ 32512.  30572.  69877.  48460.  62170.   9310.  11747.  73987.  70556.
  10050.  59870.  83286.  15864.  55541.  74182.      0.  43911.  98623.
  48449.  77591. 130602.  27520.]
10-2: [ 31524.  73235.  42932.  17845. 129414.  29100.  26460.  24449.  48118.
  72022.  82764.  90287.  37811.  31769. 114799.      0.  17037.  20850.
 118945.  56657.  84751.  62509.]
10-5: [ 49982.  32302.  57124.  35547. 155820.      0.  23904.  36998.  80989.
  15388. 151657.  46228.  33021.  25476.  11532.      0.  29450.  40859.
  32381. 156033.  31070.  34317.]
10-4: [ 22329.  86369.  40282.  50700. 115857.    596.  14942.  30310. 157368.
  31186. 128220.  93852.  32705.  61696.  23587.      0.      0.  17985.
  62010. 124414.  69467.  59457.]
25-1: [385315. 252955. 200655. 262147. 482060.  26368.  68206. 474434. 616396.
 190243. 359998. 221036. 387528. 451228. 465246.      0. 233710. 227260.
 195426. 363678. 616623. 348129.]
25-2: [155365. 122783. 451486. 122669. 688868. 155886. 128507. 339759. 557099.
 116046. 802799. 443923. 485396. 243069. 538211.      0.  86075. 286938.
 149908. 520857. 230298. 607944.]
25-5: [ 129479.  120250.  152937.  171901. 1185626.       0.  111105.  277417.
  170462.  101984.  796482.  265647.  161100.  233650.  231313.       0.
   94103.  149371.  138184.  734813.  505617.  170114.]
25-4: [  74436.  272372.  448567.  211010. 1025181.       0.   91365.  278081.
  734752.  146192.  395711.  331324.  236832.  304055.  215441.       0.
       0.  223805.  205251. 1107687.  391795.  610890.]
50-1: [1186538. 1024355.  537267.  342416. 1144729. 1056145.  327723.  683968.
 1033328. 1356369. 2100933. 1482927. 1168059. 1094710. 1143378.       0.
  465917. 1194807. 1261859. 1799881.  777923. 1548886.]
50-2: [1246191. 1300395. 1193482. 1552064. 2033405.  200819.  846430. 1546742.
 1418230.  806123. 2773015. 1448803. 1785332. 1665684. 1484077.       0.
  597095.  627298. 1561447. 3105128. 1779355. 1948274.]
50-5: [ 311440.  643606. 1558331.  465340. 3474690.   38130.  277544. 1195055.
 3159080.  521983. 2780311. 1525017.  942860.  409143. 1263655.       0.
  106560.  200655. 1522390. 3170815. 1199805. 1318416.]
50-4: [ 548586.  638562. 1272959.  399218. 3811409.    5031.  552951. 1208360.
 2187190.  923423. 2651478. 1557448. 1316722. 1012877. 1613698.       0.
  321923.  697541.  998599. 2279091. 1485239. 1420710.]
75-1: [3509260. 3044198. 3152195. 2076781. 3949514. 1823290. 1901757. 2073326.
 2550841. 2657852. 3698157. 2354385. 1908890. 2775232. 2518410.       0.
 1225643. 1849566. 2264901. 1918903. 2949654. 2308125.]
75-2: [2501516. 3778767. 2198238. 2766260. 5277160.  433661. 3086738. 3255862.
 4749071. 1873865. 3733171. 3415219. 3866096. 4489754. 3468425.       0.
 1162347. 1985268. 2801024. 4280019. 3638125. 4707358.]
75-5: [1.101506e+06 1.399432e+06 3.745791e+06 1.640318e+06 8.466630e+06
 2.112000e+03 2.172931e+06 2.849615e+06 5.481849e+06 1.258233e+06
 5.470633e+06 3.519960e+06 2.164470e+06 1.415103e+06 2.202265e+06
 0.000000e+00 4.412510e+05 9.753990e+05 1.807368e+06 8.089846e+06
 2.855247e+06 3.718934e+06]
75-4: [1646112. 1905773. 2725622. 1262598. 8086464.   13424. 1273480. 2928078.
 5247851. 1157218. 4720031. 3039434. 3402999. 1111566. 2420972.       0.
  663771. 1624758. 2931854. 8039800. 2975361. 3257871.]
100-1: [4459451. 5767851. 3324404. 3762044. 5195656. 2047105. 4993184. 3822446.
 4676329. 4124493. 4781035. 4405307. 7076923. 4521348. 4168321.       0.
 3537662. 4537402. 2936210. 3544722. 6227091. 3464650.]
100-2: [ 4442157.  4733392.  4748992.  3547337.  9142289.   693209.  4290090.
  6318952.  7807525.  3801392. 10106891.  6601613.  7763500.  5404457.
  5991430.        0.  1548147.  3831792.  5043308.  8517303.  7343599.
  5324557.]
100-5: [1.0770100e+06 2.3845610e+06 4.5383860e+06 9.0965800e+05 1.5745629e+07
 8.9390000e+03 2.1006730e+06 6.2516290e+06 8.3810900e+06 2.5805690e+06
 9.8782280e+06 5.3082570e+06 4.3154890e+06 2.7900870e+06 4.1888900e+06
 0.0000000e+00 2.5045400e+05 2.2417090e+06 3.6022720e+06 1.3420047e+07
 5.2377040e+06 5.4965730e+06]
100-4: [2.4749580e+06 3.4694940e+06 6.9288500e+06 2.9523320e+06 1.3004141e+07
 7.4830000e+03 2.0575440e+06 6.4816780e+06 8.6677660e+06 2.4382910e+06
 9.7641650e+06 4.2770310e+06 6.3101340e+06 4.5771110e+06 3.9237330e+06
 0.0000000e+00 1.5285300e+06 2.1171660e+06 5.8213020e+06 1.1707021e+07
 5.0382120e+06 6.3720480e+06]
